20 20
4.439518082439918
20.433834222006787
2.3628583286820373
5.851507432791182
7.294262181616832
20 40
4.502706573709375
20.72467280659234
1.3624719133284673
5.980415176196985
7.398082779623477
20 80
4.47848431872275
20.613184682501213
0.8501137778541067
6.069508196414939
7.3582848837209305
20 160
4.395286138551299
20.230247212796897
0.5195139753552874
6.13906382312554
7.221587763012181
40 20
7.757440444846979
17.852641783809986
4.211927353913529
5.740778032216819
10.815334693937482
40 40
7.826421214482802
18.011391177896268
2.39291285618193
5.8846220185872635
10.911506893564537
40 80
7.759546727889294
17.857489093553077
1.4583601677328868
5.975831499384652
10.818271249651284
40 160
7.604208353518546
17.5
0.8873241452349263
6.0448704398109125
10.601700265758293
60 20
10.447690460644102
16.029245435449994
6.174058649263664
5.651297518182021
12.650149192828545
60 40
10.454009309771047
16.038940054936177
3.3761252558212758
5.806208918314789
12.657800107112799
60 80
10.27181582661078
15.759411859751172
2.04084553404033
5.898377357485947
12.437198745250058
60 160
10.005897592518483
15.351429956374213
1.2952070184477553
5.9651887908256525
12.11522276912091
